#camera  0 0 0  0 0 0  0 0 0  0

#material  0 0 0  0 0 0  0.25 0.25 0.25  1 1 1 128  0.75 0.75 0.75  1.05  -1  !!

#shape_torus  0  0 0 0  0.18 0.45
#shape_torus  0  0 .07 0  0.2 0.35
#shape_torus  0  0 .15 0  0.2 0.25

#static_affine 1 0 0 0 0 0.965925 0.258819 0 0 -0.258819 0.965925 0 0 0 0 1
  #shape_box  0  0 0.5 -0.05  0.20 0.8 0.4

#static_affine 0.984807 0.173648 0 0 -0.173648 0.984807 0 0 0 0 1 0 0.208 0 -0.05 1
	#static_affine 1 0 0 0 0 0.965925 0.258819 0 0 -0.258819 0.965925 0 0 0 0 1
		#shape_box  0  0 0.5 0  0.20 0.6 0.3

#static_affine 0.984807 -0.173648 0 0 0.173648 0.984807 0 0 0 0 1 0 -0.2 0 -0.05 1
	#static_affine 1 0 0 0 0 0.965925 0.258819 0 0 -0.258819 0.965925 0 0 0 0 1
		#shape_box  0  0 0.5 0  0.20 0.6 0.3
  
#static_affine 1 0 0 0 0 0.707106 -0.707106 0 0 0.707106 0.707106 0 0 1.35 0.29 1
  #shape_box  0  0 0 0   0.20 0.4 0.14
  
#static_affine 1 0 0 0 0 1 0 0 0 0 1 0 0 0 0.1 1
  #shape_box  0  0 1.5 0   0.20 1 0.2

#static_affine 1 0 0 0 0 0.984807 0.173648 0 0 -0.173648 0.984807 0 0 2.05 0.37 1
	#shape_box  0  0 0 0   0.20 0.2 0.44
	
#static_affine 1 0 0 0 0 0.866025 0.5 0 0 -0.5 0.866025 0 0 2.18 0.375 1
	#shape_box  0  0 0 0   0.20 0.18 0.44