#camera  0 0 0  0 0 0  0 0 0  0

#material  0 0 0  0 0 0  0.95 0.95 0.95  1 1 1 128  0.75 0.75 0.75  1.05  -1  !!

#shape_torus  0  0 0 0  0.18 0.45
#shape_torus  0  0 .07 0  0.2 0.35
#shape_cylinder  0  0 0 0  0.35 2.16
#static_affine 1 0 0 0 0 -1 0 0 0 0 -1 0 0 2.26 0 1
  #shape_cone  0  0 0 0  .6 .7

#static_affine 1 0 0 0 0 1 0 0 0 0 1 0 0 2.35 0 1
  #shape_box  0  0 0.15 0.50  0.18 0.25 0.10
#static_affine 0.866025 0 -0.5 0 0 1 0 0 0.5 0 0.866025 0 0 2.35 0 1
  #shape_box  0  0 0 0.547  0.15 0.1 0.05
  
#static_affine 0.5 0 -0.866025 0 0 1 0 0 0.866025 0 0.5 0 0 2.35 0 1
  #shape_box  0  0 0.15 0.50  0.18 0.25 0.10
#static_affine 0 0 -1 0 0 1 0 0 1 0 0 0 0 2.35 0 1
  #shape_box  0  0 0 0.547  0.15 0.1 0.05

#static_affine -0.5 0 -0.866025 0 0 1 0 0 0.866025 0 -0.5 0 0 2.35 0 1
  #shape_box  0  0 0.15 0.50  0.18 0.25 0.10
#static_affine -0.866025 0 -0.5 0 0 1 0 0 0.5 0 -0.866025 0 0 2.35 0 1
  #shape_box  0  0 0 0.547  0.15 0.1 0.05

#static_affine -1 0 0 0 0 1 0 0 0 0 -1 0 0 2.35 0 1
  #shape_box  0  0 0.15 0.50  0.18 0.25 0.10
#static_affine -0.866025 0 0.5 0 0 1 0 0 -0.5 0 -0.866025 0 0 2.35 0 1
  #shape_box  0  0 0 0.547  0.15 0.1 0.05

#static_affine -0.5 0 0.866025 0 0 1 0 0 -0.866025 0 -0.5 0 0 2.35 0 1
  #shape_box  0  0 0.15 0.50  0.18 0.25 0.10
#static_affine 0 0 1 0 0 1 0 0 -1 0 0 0 0 2.35 0 1
  #shape_box  0  0 0 0.547  0.15 0.1 0.05

#static_affine 0.5 0 0.866025 0 0 1 0 0 -0.866025 0 0.5 0 0 2.35 0 1
  #shape_box  0  0 0.15 0.50  0.18 0.25 0.10
#static_affine 0.866025 0 0.5 0 0 1 0 0 -0.5 0 0.866025 0 0 2.35 0 1
  #shape_box  0  0 0 0.547  0.15 0.1 0.05
